0c040004
0c050004
0C060002
0C070005
1c100005
0fbdfffc
0bb00000
00854020
00c74820
01098022
02001020
07B00000
0FBD0004
23FF0000
<<<<<<< HEAD
=======
00000000
00000000
00000000
00000000
>>>>>>> 6dbeaa6 (fixing andrew's git)
00000000
00000000
00000000
00000000
00000000
00000000
00000000
00000000
00000000
00000000
00000000
00000000
00000000
00000000
00000000
00000000
00000000
00000000
00000000
00000000
00000000
00000000
00000000
00000000
00000000
00000000
00000000
00000000
00000000
00000000
00000000
00000000
00000000
00000000
00000000
00000000
00000000
00000000
00000000
00000000
00000000
00000000
00000000
00000000
00000000
00000000
00000000
00000000
00000000
00000000